0 5
0 6
0 8
0 12
0 14
0 19
0 20
0 149
0 22
0 151
0 26
0 27
0 29
0 32
0 35
0 164
0 167
0 40
0 180
0 187
0 65
0 68
0 70
0 75
0 77
0 78
0 83
0 91
0 97
0 100
0 117
0 123
0 126
0 21
1 34
1 5
1 7
1 105
1 10
1 119
1 14
1 48
1 50
1 148
1 78
1 151
1 153
1 62
1 127
2 5
2 6
2 7
2 8
2 9
2 10
2 11
2 15
2 20
2 21
2 23
2 35
2 134
2 39
2 46
2 50
2 51
2 53
2 183
2 56
2 188
2 191
2 72
2 92
2 95
2 101
2 108
2 121
3 129
3 5
3 6
3 7
3 9
3 12
3 13
3 142
3 15
3 18
3 26
3 33
3 34
3 36
3 37
3 38
3 167
3 48
3 50
3 55
3 56
3 57
3 191
3 64
3 69
3 70
3 71
3 87
3 91
3 92
3 97
3 100
3 166
3 102
3 108
3 127
4 5
4 6
4 7
4 8
4 10
4 12
4 145
4 18
4 19
4 20
4 21
4 22
4 25
4 179
4 155
4 31
4 32
4 162
4 134
4 39
4 42
4 44
4 136
4 51
4 180
4 185
4 60
4 62
4 194
4 68
4 69
4 72
4 73
4 79
4 91
4 98
4 107
4 113
4 147
4 121
5 6
5 7
5 8
5 9
5 11
5 12
5 194
5 14
5 15
5 17
5 23
5 25
5 154
5 29
5 30
5 32
5 33
5 163
5 36
5 37
5 39
5 42
5 135
5 172
5 45
5 51
5 185
5 186
5 62
5 63
5 64
5 193
5 66
5 73
5 79
5 80
5 173
5 82
5 43
5 93
5 101
5 102
5 116
5 191
5 125
6 7
6 136
6 9
6 10
6 11
6 12
6 13
6 15
6 19
6 20
6 21
6 22
6 23
6 132
6 27
6 28
6 32
6 161
6 34
6 164
6 39
6 40
6 41
6 42
6 45
6 47
6 176
6 182
6 55
6 56
6 59
6 138
6 62
6 63
6 193
6 70
6 77
6 78
6 79
6 80
6 156
6 87
6 94
6 95
6 101
6 102
6 104
6 189
6 114
6 116
6 118
6 125
6 126
7 193
7 8
7 9
7 10
7 11
7 12
7 13
7 14
7 16
7 17
7 18
7 19
7 148
7 21
7 22
7 24
7 27
7 29
7 158
7 31
7 35
7 36
7 134
7 166
7 42
7 43
7 20
7 54
7 55
7 185
7 58
7 59
7 191
7 65
7 66
7 84
7 86
7 186
7 88
7 90
7 91
7 93
7 94
7 95
7 96
7 100
7 102
7 107
7 112
7 113
7 114
7 117
7 118
7 119
7 137
7 170
8 131
8 11
8 12
8 13
8 142
8 171
8 24
8 25
8 28
8 29
8 36
8 165
8 40
8 169
8 42
8 43
8 173
8 157
8 184
8 61
8 67
8 68
8 199
8 72
8 73
8 84
8 93
8 96
8 101
8 112
8 125
9 10
9 11
9 12
9 13
9 17
9 18
9 21
9 24
9 25
9 26
9 27
9 32
9 163
9 40
9 41
9 170
9 171
9 50
9 52
9 181
9 188
9 66
9 67
9 198
9 76
9 43
9 88
9 130
9 96
9 106
9 108
9 115
9 116
9 126
10 64
10 33
10 163
10 97
10 14
10 16
10 161
10 46
10 56
10 196
11 13
11 143
11 16
11 19
11 20
11 22
11 23
11 26
11 27
11 133
11 33
11 155
11 43
11 48
11 49
11 179
11 57
11 58
11 60
11 62
11 64
11 68
11 70
11 85
11 185
11 97
11 105
11 110
11 114
11 148
12 34
12 138
12 75
12 143
12 141
12 14
12 15
12 80
12 84
12 181
12 111
12 189
12 94
13 15
13 145
13 19
13 22
13 31
13 160
13 35
13 37
13 40
13 52
13 53
13 54
13 58
13 63
13 72
13 73
13 79
13 163
13 90
13 99
13 17
13 106
13 107
13 117
13 122
14 139
14 16
14 18
14 19
14 22
14 158
14 161
14 162
14 164
14 193
14 57
14 188
14 65
14 66
14 68
14 76
14 82
14 36
14 144
14 100
14 101
14 103
14 120
15 135
15 151
15 130
15 16
15 18
15 147
15 20
15 149
15 23
15 28
15 30
15 35
15 46
15 197
15 71
15 77
15 78
15 80
15 87
15 89
15 99
15 120
15 122
16 144
16 17
16 26
16 30
17 130
17 142
17 20
17 24
17 25
17 155
17 28
17 29
17 133
17 27
17 41
17 43
17 173
17 183
17 190
17 195
17 197
17 74
17 78
17 82
17 84
17 103
17 112
18 139
18 22
18 24
18 156
18 157
18 30
18 34
18 43
18 44
18 180
18 55
18 187
18 75
18 82
18 93
18 103
18 107
18 119
19 75
19 38
19 41
19 71
19 175
19 112
19 177
19 51
19 94
19 151
19 54
19 124
19 30
20 38
20 105
20 74
20 144
20 53
20 151
20 24
20 27
20 166
20 31
21 133
21 151
21 31
21 32
21 197
21 35
21 36
21 37
21 168
21 44
21 176
21 51
21 57
21 187
21 60
21 194
21 69
21 76
21 83
21 85
21 90
21 94
21 116
21 120
22 129
22 138
22 141
22 24
22 153
22 32
22 34
22 37
22 45
22 175
22 48
22 55
22 190
22 160
22 75
22 76
22 86
22 90
22 92
22 109
22 119
23 131
23 38
23 42
23 172
23 48
23 89
23 47
23 70
23 102
23 127
24 26
24 27
24 159
24 32
24 36
24 41
24 44
24 174
24 47
24 48
24 49
24 50
24 183
24 58
24 59
24 60
24 68
24 72
24 75
24 81
24 85
24 92
24 95
24 99
24 113
24 169
24 120
25 66
25 47
25 147
25 53
25 150
25 182
25 118
25 69
26 102
26 184
26 49
26 119
26 88
26 90
26 155
26 28
26 183
26 120
27 66
27 196
27 78
27 56
27 147
27 152
27 59
27 28
27 31
28 129
28 100
28 81
28 77
28 50
28 183
28 152
29 41
29 52
29 54
29 104
29 61
29 150
30 160
30 80
30 38
30 108
30 138
30 76
30 82
30 46
30 141
30 54
30 88
30 89
30 109
30 69
30 31
31 96
31 105
31 170
31 171
31 110
31 114
31 152
31 89
31 61
31 63
32 140
32 158
32 33
32 37
32 171
32 175
32 61
32 64
32 65
32 194
32 74
32 95
32 98
32 105
32 112
32 124
32 125
33 166
33 80
33 123
34 86
34 139
34 56
34 158
35 107
35 38
35 145
35 76
35 39
35 44
35 46
35 113
35 180
35 182
35 151
35 185
35 117
35 63
36 169
36 39
36 82
36 144
36 152
36 114
36 49
37 100
37 39
37 171
37 43
37 81
37 58
37 123
37 42
38 83
38 164
38 40
38 45
38 77
38 81
38 85
38 127
38 191
39 160
39 65
39 129
39 137
39 135
39 98
39 46
39 52
39 181
39 87
39 57
39 105
39 159
40 129
40 68
40 106
40 46
40 54
40 154
40 61
41 133
41 141
41 151
41 153
41 47
41 159
41 134
41 43
41 175
41 48
41 177
41 52
41 55
41 57
41 59
41 70
41 71
41 73
41 78
41 89
41 91
42 163
42 45
42 46
42 125
42 168
42 149
42 173
42 123
42 93
42 94
43 51
43 111
43 83
43 117
43 60
43 189
43 126
43 95
44 194
44 134
44 172
44 109
44 49
44 52
44 132
44 154
44 184
44 61
45 198
45 144
45 98
45 103
45 156
45 174
45 112
45 49
45 50
45 89
45 92
45 62
46 83
46 53
46 153
46 188
46 62
47 66
47 172
47 73
48 194
48 138
48 84
48 55
49 96
49 128
49 196
49 117
50 72
50 139
50 174
50 118
51 72
51 110
51 61
52 64
52 162
52 67
52 178
52 150
52 70
52 183
52 141
52 108
52 140
52 54
52 98
52 123
52 165
53 65
53 99
53 110
53 119
54 128
54 99
54 137
54 74
54 157
54 81
54 131
54 88
54 159
54 62
54 63
55 96
55 65
55 122
55 123
56 131
56 67
56 92
57 103
58 104
58 110
58 144
58 146
58 59
59 66
59 173
59 176
59 145
59 122
60 63
61 97
61 101
61 109
61 125
61 192
62 128
62 167
62 74
62 85
62 186
62 199
63 191
63 165
63 168
63 95
63 195
64 163
64 121
64 123
64 124
64 93
65 139
65 97
65 72
65 84
65 95
66 67
66 179
66 152
66 188
67 71
67 136
68 107
68 69
68 81
68 145
68 168
68 103
69 97
69 136
69 156
69 106
69 75
69 126
69 143
69 72
69 146
69 99
69 121
69 124
70 132
70 112
70 86
71 83
71 167
71 74
71 108
71 86
71 153
72 192
72 106
72 185
73 77
74 197
74 176
74 83
74 190
74 88
75 115
75 147
75 116
76 132
76 118
76 142
76 140
76 79
76 114
76 110
78 177
78 178
78 146
78 179
78 153
78 91
79 113
80 98
80 111
81 130
81 195
81 182
81 139
81 143
81 177
81 147
81 122
81 197
82 164
82 137
82 115
82 90
82 186
83 171
83 196
83 133
83 199
83 91
83 170
83 126
84 130
84 147
84 87
84 92
84 125
85 135
86 164
86 115
86 199
87 104
87 172
88 150
88 107
88 174
88 145
88 115
88 183
89 122
90 98
90 104
90 130
90 168
91 109
91 179
91 121
92 96
92 164
92 106
92 115
92 183
93 193
93 194
93 163
93 132
93 109
93 145
93 178
93 148
93 120
94 168
94 118
94 151
94 120
95 105
95 152
95 114
95 118
95 160
97 107
97 105
97 106
97 170
97 154
97 181
98 128
98 129
98 107
98 111
98 186
98 122
99 129
100 133
100 157
100 127
101 165
102 110
102 115
103 146
103 108
103 109
104 131
104 165
104 144
104 113
105 133
105 136
105 190
105 144
105 180
105 117
106 131
106 161
106 124
106 140
106 173
106 169
106 153
106 122
107 165
107 134
107 199
107 121
108 128
108 160
108 175
108 114
108 118
109 192
109 167
109 169
109 126
109 181
110 111
111 195
111 194
112 176
112 158
113 166
113 148
114 172
115 156
115 155
115 127
116 144
117 162
118 199
120 174
120 172
120 175
120 178
120 148
120 182
120 155
120 127
121 128
121 166
121 161
122 161
123 138
124 128
124 169
124 148
124 184
124 156
125 137
126 143
126 150
126 190
127 149
128 149
129 196
129 172
129 177
129 147
129 190
130 170
130 140
130 137
131 167
131 153
132 142
132 181
132 182
132 159
133 146
133 184
134 135
134 174
134 150
134 187
134 191
135 137
136 137
136 187
137 176
139 190
140 165
140 185
141 157
144 160
144 197
146 158
147 173
147 185
150 161
150 178
150 182
152 195
152 181
152 154
153 168
155 160
155 166
157 192
157 193
158 162
159 163
161 192
162 164
167 198
167 175
169 175
171 184
172 178
177 198
178 190
180 189
182 189
184 188
189 195
197 198
