0 5
0 6
0 7
0 8
0 9
0 11
0 12
0 146
0 19
0 20
0 21
0 22
0 151
0 26
0 27
0 29
0 32
0 33
0 35
0 165
0 39
0 170
0 49
0 53
0 54
0 58
0 188
0 63
0 194
0 67
0 68
0 197
0 75
0 78
0 139
0 89
0 104
0 119
0 148
0 123
0 126
1 5
1 6
1 7
1 10
1 151
1 14
1 17
1 18
1 148
1 23
1 153
1 158
1 34
1 36
1 48
1 50
1 62
1 86
1 105
1 108
1 119
1 125
1 127
2 128
2 5
2 6
2 7
2 8
2 10
2 11
2 142
2 15
2 19
2 20
2 21
2 150
2 26
2 35
2 36
2 46
2 50
2 51
2 183
2 56
2 191
2 72
2 14
2 95
2 98
2 101
2 108
3 129
3 5
3 6
3 136
3 10
3 139
3 13
3 15
3 23
3 36
3 166
3 167
3 41
3 42
3 57
3 191
3 70
3 83
3 91
3 92
3 96
3 97
3 100
3 103
4 5
4 7
4 8
4 9
4 142
4 145
4 18
4 19
4 21
4 22
4 24
4 25
4 175
4 29
4 31
4 162
4 39
4 44
4 47
4 189
4 50
4 180
4 53
4 137
4 57
4 159
4 60
4 61
4 68
4 69
4 73
4 79
4 111
4 113
4 121
4 136
5 6
5 7
5 8
5 9
5 11
5 15
5 16
5 17
5 18
5 22
5 23
5 25
5 154
5 27
5 29
5 30
5 32
5 161
5 163
5 36
5 37
5 38
5 39
5 40
5 169
5 42
5 43
5 172
5 45
5 46
5 49
5 55
5 185
5 186
5 61
5 62
5 63
5 64
5 65
5 139
5 33
5 74
5 76
5 173
5 88
5 143
5 93
5 101
5 102
5 168
5 114
5 116
5 118
5 191
5 124
5 125
6 7
6 10
6 11
6 12
6 13
6 15
6 20
6 21
6 22
6 23
6 155
6 28
6 29
6 30
6 31
6 32
6 161
6 34
6 36
6 38
6 39
6 156
6 44
6 45
6 176
6 128
6 182
6 55
6 56
6 57
6 60
6 62
6 192
6 66
6 70
6 73
6 75
6 77
6 80
6 184
6 82
6 87
6 164
6 95
6 101
6 114
6 116
6 117
6 118
6 169
6 121
6 123
6 125
7 129
7 8
7 9
7 10
7 11
7 12
7 13
7 14
7 16
7 17
7 20
7 21
7 22
7 152
7 25
7 26
7 27
7 29
7 158
7 31
7 33
7 34
7 134
7 145
7 197
7 44
7 45
7 174
7 177
7 52
7 54
7 55
7 191
7 69
7 78
7 83
7 84
7 24
7 88
7 90
7 137
7 95
7 96
7 102
7 103
7 105
7 112
7 113
7 115
7 117
7 118
7 148
8 9
8 12
8 130
8 142
8 16
8 17
8 25
8 165
8 43
8 44
8 47
8 53
8 184
8 61
8 67
8 72
8 13
8 91
8 112
9 129
9 130
9 10
9 11
9 13
9 16
9 17
9 18
9 196
9 21
9 150
9 24
9 25
9 26
9 28
9 32
9 33
9 34
9 163
9 40
9 41
9 43
9 50
9 51
9 55
9 60
9 195
9 68
9 198
9 199
9 141
9 84
9 87
9 96
9 97
9 98
9 188
9 106
9 108
9 115
9 117
9 149
10 64
10 97
10 140
10 46
10 49
10 67
10 180
10 118
10 158
11 12
11 13
11 19
11 20
11 21
11 23
11 179
11 155
11 185
11 133
11 162
11 27
11 37
11 166
11 43
11 174
11 47
11 51
11 52
11 53
11 180
11 62
11 64
11 196
11 130
11 141
11 85
11 57
11 91
11 94
11 97
11 99
11 114
11 116
11 148
11 122
11 125
12 14
12 15
12 19
12 149
12 24
12 34
12 172
12 175
12 181
12 54
12 59
12 189
12 81
12 84
12 143
12 94
12 106
12 111
13 14
13 15
13 17
13 18
13 147
13 22
13 23
13 154
13 29
13 31
13 160
13 163
13 37
13 167
13 48
13 183
13 63
13 69
13 72
13 73
13 74
13 142
13 90
13 93
13 97
13 99
13 106
13 107
13 113
13 117
13 120
13 122
14 193
14 139
14 100
14 65
14 161
14 144
14 71
14 16
14 82
14 19
14 22
14 18
14 57
14 103
14 28
14 36
15 139
15 16
15 18
15 131
15 149
15 151
15 24
15 26
15 27
15 30
15 35
15 39
15 42
15 46
15 178
15 186
15 191
15 147
15 71
15 77
15 80
15 87
15 90
15 95
15 115
15 120
15 126
16 160
16 34
16 70
16 144
16 30
17 138
17 142
17 24
17 155
17 28
17 29
17 133
17 35
17 41
17 43
17 173
17 27
17 183
17 190
17 197
17 71
17 74
17 78
17 84
17 97
17 104
17 112
18 107
18 99
18 38
18 135
18 139
18 157
18 43
18 82
18 163
18 22
18 24
18 103
18 93
18 30
19 75
19 177
19 51
19 54
19 94
20 131
20 144
20 151
20 24
20 28
20 31
20 32
20 164
20 37
20 38
20 156
20 53
20 59
20 134
20 66
20 70
20 74
20 86
20 98
20 166
20 105
20 115
21 22
21 151
21 154
21 26
21 69
21 33
21 35
21 37
21 42
21 176
21 44
21 48
21 57
21 58
21 187
21 60
21 192
21 197
21 75
21 76
21 83
21 109
21 117
21 170
22 129
22 24
22 30
22 32
22 34
22 45
22 46
22 175
22 48
22 178
22 57
22 61
22 190
22 193
22 72
22 77
22 81
22 90
22 100
22 109
22 111
22 125
23 131
23 37
23 38
23 172
23 67
23 89
23 159
24 29
24 32
24 41
24 174
24 47
24 48
24 49
24 183
24 59
24 60
24 193
24 194
24 68
24 140
24 75
24 92
24 99
24 100
24 113
24 169
24 120
25 66
25 35
25 106
25 179
25 118
25 170
25 69
26 49
26 102
26 168
26 184
26 147
26 120
26 88
26 127
27 64
27 59
27 81
27 74
27 109
27 78
27 176
27 50
27 147
27 150
27 56
27 57
27 47
27 28
28 67
28 100
28 38
28 183
28 76
28 143
28 88
28 105
28 56
28 92
28 134
28 81
29 104
29 110
29 93
29 52
29 150
29 61
30 157
30 37
30 41
30 46
30 47
30 52
30 54
30 184
30 134
30 196
30 69
30 80
30 88
30 89
30 101
30 109
31 96
31 76
31 171
31 44
31 110
31 143
31 85
31 55
31 56
31 89
31 58
31 61
31 63
32 132
32 33
32 34
32 37
32 40
32 171
32 175
32 51
32 53
32 58
32 187
32 194
32 74
32 90
32 92
32 98
32 105
32 112
32 123
32 124
32 125
33 166
33 102
33 71
33 140
33 45
33 90
33 123
34 41
34 74
34 113
34 146
34 116
34 92
34 170
35 64
35 38
35 145
35 73
35 107
35 180
35 117
35 185
35 151
35 39
36 39
36 40
36 137
36 114
36 144
36 49
36 82
36 152
36 104
36 136
36 65
37 135
37 140
37 148
37 42
37 44
37 58
37 59
37 189
37 65
37 76
37 81
37 82
37 84
37 100
37 112
37 123
37 124
38 64
38 181
38 164
38 40
38 60
38 106
38 43
38 77
38 78
38 111
38 179
38 110
38 127
39 135
39 105
39 45
39 46
39 52
39 149
39 87
39 88
39 63
40 75
40 148
40 184
41 102
41 70
41 43
41 159
41 78
41 47
41 116
41 57
41 89
41 151
41 121
41 91
41 133
42 149
42 45
42 174
42 195
42 54
42 120
42 163
43 77
43 189
43 177
43 51
43 87
43 91
43 183
43 62
44 194
44 73
44 103
44 172
44 45
44 109
44 80
44 49
44 152
44 184
44 188
45 98
45 132
45 79
45 87
45 111
45 92
45 62
46 161
46 71
46 188
46 140
46 177
46 146
46 116
46 62
46 153
46 124
46 95
47 66
47 171
47 73
47 77
47 112
47 49
47 82
47 51
47 119
47 83
47 93
48 194
48 138
48 56
48 55
49 133
49 131
49 80
49 113
49 196
49 153
49 59
49 60
49 138
49 69
50 136
50 174
50 111
50 113
50 86
50 60
51 133
51 135
52 64
52 98
52 132
52 165
52 70
52 140
52 108
52 176
53 65
53 99
53 77
53 110
53 87
53 119
53 157
54 128
54 99
54 68
54 71
54 137
54 142
54 79
54 152
54 169
54 88
54 186
54 157
54 159
55 65
55 68
55 167
55 141
55 122
56 101
56 179
56 182
58 166
58 192
58 110
58 78
59 66
59 145
59 173
59 122
60 198
60 70
60 81
60 141
60 154
60 89
60 63
60 156
60 122
60 158
60 166
61 97
61 125
61 79
62 167
62 85
62 157
63 191
63 155
63 108
63 195
63 95
64 138
64 195
64 124
65 97
65 84
65 159
66 162
66 182
66 173
66 86
66 156
66 127
67 96
67 162
67 132
67 199
67 71
67 79
67 136
67 126
68 176
68 69
68 168
68 107
68 80
68 145
68 94
69 100
69 99
69 72
69 124
69 143
69 144
69 85
69 188
69 159
70 112
70 130
70 198
70 102
70 162
70 99
71 83
71 153
72 192
72 106
72 185
72 121
74 129
74 187
74 84
74 85
74 88
74 190
74 197
75 147
75 112
75 115
75 189
76 132
76 104
76 142
76 114
76 155
76 85
77 86
78 163
78 91
78 171
78 178
78 153
79 195
79 85
80 98
80 180
80 132
80 111
80 94
81 195
81 182
81 143
81 152
81 150
81 101
82 115
82 186
83 171
83 133
83 196
83 165
83 134
83 103
83 170
83 178
83 131
83 91
83 126
83 181
84 130
85 94
86 141
86 115
86 143
87 172
88 107
88 174
88 115
88 150
89 138
89 143
89 124
90 98
90 130
90 193
90 168
90 160
90 159
91 135
91 109
91 180
91 121
92 164
92 196
93 193
93 194
93 132
93 178
93 104
93 145
93 114
94 168
94 156
94 127
95 145
95 114
95 149
95 152
96 192
96 120
97 199
97 106
97 154
97 181
98 187
98 107
98 122
98 155
98 186
99 136
99 189
100 162
100 133
100 173
100 158
101 165
101 135
101 174
101 146
102 186
103 109
104 144
105 136
105 144
105 149
105 119
105 180
105 186
105 190
105 117
106 128
106 131
106 153
107 193
107 165
107 199
107 110
108 128
108 164
108 168
108 160
108 175
108 114
109 198
109 169
109 154
109 126
109 181
110 111
111 194
111 195
112 176
113 148
115 185
115 156
116 144
117 187
119 188
120 174
120 148
120 182
120 155
120 124
121 161
121 187
121 166
121 169
122 197
122 123
123 130
123 138
124 197
124 128
124 178
124 146
125 137
126 182
126 150
126 190
127 167
128 199
129 172
129 177
129 191
130 137
131 133
131 167
132 181
132 182
132 157
133 136
133 146
133 184
134 174
134 187
135 151
136 187
139 192
140 165
141 171
141 198
144 160
144 197
145 167
146 158
147 173
147 177
150 161
150 177
150 178
152 172
152 179
152 181
152 154
153 161
155 160
156 181
159 163
163 165
166 196
167 175
169 175
170 184
179 198
183 185
184 191
189 195
189 190
